1050: [1, 2, 3, 4, 5]
1349: [1, 2, 3, 4, 5]
4160: [1, 2, 3]
12180: [1, 2, 3, 4]
12234: [2, 3, 4]
14937: [2, 4]
19870: [1, 2, 3, 4]
20988: [1, 2, 3, 4]
24968: [2, 3]
29835: [1, 2, 3]
32552: [2, 4, 5]
34037: [2, 3]
35084: [2, 3, 4]
36152: [1, 2, 4]
36219: [2, 4]
38506: [3]
38556: [1, 3, 4]
38920: [1, 2, 3, 4, 5]
40649: [2, 3]
41177: [1, 3, 4]
42436: [1, 3, 4]
42959: [2, 4, 5]
46151: [1, 3, 4]
46646: [2, 3, 4]
46756: [1, 3, 4]
47808: [2, 3, 4]
47902: [2, 3, 4]
51368: [1, 3]
52007: [2, 4, 5]
52706: [2, 3, 4]
53644: [2, 3, 4]
54017: [2, 3, 4]
55360: [2, 3]
65811: [2, 3, 4]
67989: [1, 2, 3, 4]
68289: [1, 2, 3, 4]
68482: [1, 3, 4]
69438: [1, 3, 4]
70697: [2, 4]
72737: [2, 3]
73993: [3]
74155: [2, 4]
75033: [2, 3, 4]
77414: [3, 4]
91390: [1, 2, 3, 4]
93594: [2, 4]
95829: [1, 3, 4]
97460: [1, 2, 4]
98225: [1, 3, 4, 5]
98781: [2, 3, 4]
101528: [2, 4]
101845: [2, 3, 4]
102004: [1, 3, 4]
104414: [3, 4]
104775: [2, 3, 4]
116996: [2, 4]
117339: [2, 3, 4]
138964: [2, 4, 5]
140240: [2, 4]
146469: [1, 3, 4]
148051: [2, 3, 4]
148756: [2, 3, 4]
153460: [1, 3, 4]
155181: [1, 3, 4]
166481: [1, 3, 4]
166695: [1, 2, 3, 4, 5]
168346: [2, 3]
170881: [1, 2, 3, 4]
177582: [1, 3]
187343: [2, 3]
188047: [2, 4, 5]
188107: [1, 2, 3, 4]
200235: [2, 3]
200684: [2, 4]
212190: [3]
212737: [1, 3]
213095: [1, 3]
213322: [1, 3, 4]
215011: [2, 4]
215422: [1, 2, 3]
217931: [1, 2, 4]
218935: [1, 2, 3]
221454: [1, 2, 4]
222927: [2, 3, 4]
224483: [1, 3, 4]
224554: [1, 2, 3]
235080: [1, 2, 3, 4]
235255: [2, 4]
235647: [1, 3]
236198: [3, 4]
240253: [1, 3]
240342: [1, 2, 3, 4]
261084: [1, 2, 3, 4]
261738: [1, 2, 3]
261938: [1, 2]
265350: [2, 3]
268546: [1, 2, 4, 5]
273025: [1, 3]
273114: [3, 4]
277435: [3]
606: [1, 2, 4, 5]
4711: [1, 2, 5]
7971: [1, 2, 4, 5]
31199: [1, 2, 4, 5]
993282: [4, 5]
99999: [2, 4, 5]
99998: [2, 5]
99997: [5]
99996: [1, 2, 5]
99995: [2, 4, 5]